tiny:
let src = vec![3, 5, 1, 2, 5, 2];
let dst = vec![4, 6, 2, 3, 1, 5];

small:
let src = vec![3, 2, 7, 3, 5, 1, 1, 8, 3];
let dst = vec![7, 4, 6, 8, 6, 2, 3, 1, 5];

medium:
let src = vec![2, 3, 4, 4, 5, 5, 5, 6, 6, 7, 7, 8, 8, 9, 9, 10, 11,   5,  5,  10, 9, 9, 7];
let dst = vec![3, 2, 1, 2, 2, 4, 6, 2, 5, 2, 5, 2, 5, 2, 5, 5, 5, 10, 11, 9, 7, 8, 4];

big:
let src = vec![23, 16, 29, 27, 14, 25, 8, 23, 30, 27, 27, 20, 6, 20, 9, 6, 28, 10, 22, 14, 29, 6, 21, 1, 19, 13, 1, 11, 29, 7, 3, 27, 22, 2, 14, 3, 25, 12, 11, 29, 26, 27, 17, 15, 14, 27, 1, 24, 18, 6, 24, 27, 9, 6, 14, 5, 4, 23];
let dst = vec![30, 23, 14, 22, 29, 20, 1, 22, 23, 25, 2, 25, 5, 21, 14, 15, 6, 14, 23, 6, 13, 14, 20, 27, 3, 29, 12, 24, 24, 9, 19, 17, 27, 27, 27, 6, 27, 1, 18, 26, 29, 1, 27, 6, 9, 14, 8, 29, 11, 3, 11, 4, 7, 28, 10, 6, 27, 16];
        
